-2.04015428929182e-20
1.30433216942991e-08
4.00636889507409e-08
6.194389822785e-08
6.01174481137462e-08
1.87844134947799e-08
-7.31127260758061e-08
-2.20334391541015e-07
-4.20363150269879e-07
-6.63109466930322e-07
-9.31366755358484e-07
-1.20202234696304e-06
-1.44797200932862e-06
-1.64062776483722e-06
-1.75285592878881e-06
-1.76213827992199e-06
-1.65371744127531e-06
-1.42347059246234e-06
-1.08025543263528e-06
-6.47489768806784e-07
-1.63761050754384e-07
3.17686656405826e-07
7.30675718759004e-07
9.99039842266895e-07
1.04072065871165e-06
7.72862127650282e-07
1.17668700058405e-07
-9.91278307823497e-07
-2.60260949202312e-06
-4.74106430884627e-06
-7.40211706537969e-06
-1.05477462913894e-05
-1.41037296078466e-05
-1.79587884138476e-05
-2.19658249674176e-05
-2.59453918451577e-05
-2.9691414838026e-05
-3.29790608092601e-05
-3.55745086126184e-05
-3.72462512069594e-05
-3.7777438250241e-05
-3.69786682289063e-05
-3.4700564539742e-05
-3.08454268833487e-05
-2.53772424804627e-05
-1.83293739173483e-05
-9.80931283184295e-06
-2.87448495832531e-18
1.08426406983697e-05
2.23961299984123e-05
3.428179873953e-05
4.60788544474307e-05
5.73416968311556e-05
6.76198231665814e-05
7.64794780043039e-05
8.35260467627236e-05
8.84260799426449e-05
9.09277727643796e-05
9.0878720701733e-05
8.82398287829852e-05
8.30943727801331e-05
7.56513914221814e-05
6.62428251423185e-05
5.53140999603346e-05
4.34081732906207e-05
3.11433975641667e-05
1.91859013951719e-05
8.21751917109468e-06
-1.09939947906878e-06
-8.15871631153527e-06
-1.24469946521745e-05
-1.35778699305534e-05
-1.13223951805855e-05
-5.63352924979991e-06
3.33689374778359e-06
1.52301091797099e-05
2.94823224682549e-05
4.53371778074429e-05
6.18689194358911e-05
7.80158442235601e-05
9.26231049438392e-05
0.000104493396627051
0.000112443570911456
0.000115364802041843
0.0001122835981087
0.000102420734185242
8.52450977804162e-05
6.05194935748276e-05
2.83356594614581e-05
-1.08639018468561e-05
-5.62791806294258e-05
-0.000106762299129665
-0.000160844110659947
-0.000216777554701005
-0.000272596744681503
-0.000326189947865493
-0.000375383841425938
-0.000418035735515173
-0.000452129881311133
-0.000475873564206918
-0.000487788448411345
-0.000486792610734814
-0.0004722688908918
-0.00044411559596671
-0.000402776219881964
-0.000349245656135992
-0.000285051364678877
-0.000212209062978324
-0.000133153700332766
-5.06476902660371e-05
3.23304387255196e-05
0.000112712717294828
0.000187478527194461
0.000253795553196424
0.000309158432048037
0.000351518413013975
0.000379397429696103
0.000391980387170308
0.000389180188867281
0.000371671045530776
0.000340886890339745
0.000298983221883853
0.000248762349462255
0.000193563752062361
0.000137123004812848
8.3404392058491e-05
3.6413831525605e-05
-1.10735031113456e-17
-2.23474941836002e-05
-2.76934631143144e-05
-1.38364205834897e-05
2.05375239906728e-05
7.57347441154097e-05
0.000150975560771043
0.00024436292923884
0.000352902256849212
0.000472574056605696
0.000598458752729362
0.000724910483782577
0.000845774309475334
0.00095463893452039
0.0010451150312741
0.00111112757956219
0.00114720944169155
0.00114878273033604
0.00111241446195741
0.00103603354842834
0.000919097366297491
0.00076269792916593
0.000569600017150839
0.000344206403816163
9.24484555904391e-05
-0.000178396269029832
-0.000459954369653544
-0.000743066513816721
-0.00101814542108054
-0.00127556773759009
-0.00150608345800282
-0.00170122505440484
-0.00185369773372961
-0.00195773233224189
-0.00200938329827443
-0.0020067560045783
-0.0019501502217719
-0.00184210988782101
-0.00168737320212057
-0.00149272140111944
-0.00126672915374224
-0.00101942414827692
-0.000761867916659221
-0.000505674044792715
-0.000262483445003417
-4.34191336049682e-05
0.000141455194758944
0.000283647695464693
0.000376697213972903
0.000416555104926252
0.000401869283410671
0.000334153401099418
0.000217828608439179
6.0130689073311e-05
-0.000129118779231299
-0.000337872418346749
-0.000552337188043772
-0.000757557721440681
-0.000938080507794089
-0.00107867197140728
-0.00116505993548378
-0.00118466564322378
-0.00112729258850325
-0.000985738980596172
-0.000756302763076738
-0.000439151689895544
-3.85359266745167e-05
0.000437173178891648
0.00097562735937049
0.00156083007694024
0.00217364269998037
0.00279245312195171
0.00339398387008477
0.00395420960776183
0.00444934786174792
0.00485688211525517
0.00515657336118263
0.00533141500372248
0.0053684867526208
0.00525966591140822
0.00500215916973641
0.00459882453289036
0.0040582611353918
0.00339465408872936
0.00262737183618652
0.00178032430743041
0.000881101022098529
-4.0081292380106e-05
-0.000951582502754165
-0.00182164709099698
-0.0026197628313077
-0.00331801231227655
-0.00389235762204234
-0.00432379918559573
-0.00459935301846714
-0.0047127964893946
-0.0046651409028657
-0.00446479954793338
-0.00412743193872885
-0.00367545833293495
-0.00313725272477235
-0.00254603678645486
-0.00193851106800178
-0.00135327255020315
-0.000829078795239379
-0.000403027920829877
-0.000108729979322197
2.54513074147471e-05
-2.19926323905226e-05
-0.000264331728958404
-0.00070550846047737
-0.00133940338768691
-0.00214950215229639
-0.00310899608762549
-0.00418133174071305
-0.00532120651844229
-0.00647598905782774
-0.00758752453696222
-0.00859426775503753
-0.00943367116464803
-0.0100447418336677
-0.0103706711623948
-0.0103614345907515
-0.00997625587392538
-0.0091858320057952
-0.00797422058664008
-0.00634030125380388
-0.0042987364403579
-0.00188037375479805
0.00086794790560174
0.0038842045004628
0.00709259809047445
0.0104055424933467
0.0137261696857605
0.0169512817716159
0.0199746541671434
0.0226905796316246
0.0249975305934892
0.0268018094416384
0.0280210534639239
0.0285874631300158
0.0284506294526916
0.0275798480413586
0.0259658238135234
0.0236216906024683
0.0205832933801813
0.0169087066561631
0.0126769898646406
0.00798620819759478
0.00295077433415842
-0.00230180817306892
-0.00763469644466736
-0.0129058322391645
-0.0179723010171559
-0.0226947788798973
-0.0269419155625547
-0.0305945025911202
-0.0335492821666377
-0.035722264111391
-0.0370514348851468
0.962468267079783
-0.0370514348851468
-0.035722264111391
-0.0335492821666377
-0.0305945025911202
-0.0269419155625547
-0.0226947788798973
-0.0179723010171559
-0.0129058322391645
-0.00763469644466736
-0.00230180817306892
0.00295077433415842
0.00798620819759478
0.0126769898646406
0.0169087066561631
0.0205832933801813
0.0236216906024683
0.0259658238135234
0.0275798480413586
0.0284506294526916
0.0285874631300158
0.0280210534639239
0.0268018094416384
0.0249975305934892
0.0226905796316246
0.0199746541671434
0.0169512817716159
0.0137261696857605
0.0104055424933467
0.00709259809047445
0.0038842045004628
0.00086794790560174
-0.00188037375479805
-0.0042987364403579
-0.00634030125380388
-0.00797422058664008
-0.0091858320057952
-0.00997625587392538
-0.0103614345907515
-0.0103706711623948
-0.0100447418336677
-0.00943367116464803
-0.00859426775503753
-0.00758752453696222
-0.00647598905782774
-0.00532120651844229
-0.00418133174071304
-0.00310899608762549
-0.00214950215229638
-0.0013394033876869
-0.00070550846047737
-0.000264331728958404
-2.19926323905226e-05
2.54513074147471e-05
-0.000108729979322197
-0.000403027920829877
-0.000829078795239379
-0.00135327255020315
-0.00193851106800178
-0.00254603678645486
-0.00313725272477235
-0.00367545833293494
-0.00412743193872885
-0.00446479954793338
-0.0046651409028657
-0.00471279648939459
-0.00459935301846714
-0.00432379918559573
-0.00389235762204234
-0.00331801231227654
-0.0026197628313077
-0.00182164709099697
-0.000951582502754165
-4.0081292380106e-05
0.000881101022098529
0.00178032430743041
0.00262737183618652
0.00339465408872936
0.0040582611353918
0.00459882453289036
0.00500215916973641
0.00525966591140822
0.0053684867526208
0.00533141500372248
0.00515657336118262
0.00485688211525516
0.00444934786174792
0.00395420960776183
0.00339398387008477
0.00279245312195171
0.00217364269998037
0.00156083007694024
0.00097562735937049
0.000437173178891648
-3.85359266745167e-05
-0.000439151689895544
-0.000756302763076738
-0.000985738980596171
-0.00112729258850325
-0.00118466564322378
-0.00116505993548378
-0.00107867197140728
-0.000938080507794088
-0.00075755772144068
-0.000552337188043772
-0.000337872418346749
-0.000129118779231299
6.01306890733109e-05
0.000217828608439179
0.000334153401099417
0.000401869283410671
0.000416555104926252
0.000376697213972903
0.000283647695464693
0.000141455194758944
-4.34191336049682e-05
-0.000262483445003417
-0.000505674044792715
-0.000761867916659221
-0.00101942414827692
-0.00126672915374223
-0.00149272140111944
-0.00168737320212057
-0.00184210988782101
-0.0019501502217719
-0.0020067560045783
-0.00200938329827442
-0.00195773233224189
-0.00185369773372961
-0.00170122505440484
-0.00150608345800282
-0.00127556773759009
-0.00101814542108054
-0.000743066513816721
-0.000459954369653544
-0.000178396269029832
9.24484555904391e-05
0.000344206403816163
0.000569600017150838
0.000762697929165929
0.000919097366297491
0.00103603354842834
0.00111241446195741
0.00114878273033604
0.00114720944169155
0.00111112757956219
0.0010451150312741
0.00095463893452039
0.000845774309475334
0.000724910483782576
0.000598458752729362
0.000472574056605695
0.000352902256849212
0.00024436292923884
0.000150975560771043
7.57347441154096e-05
2.05375239906728e-05
-1.38364205834897e-05
-2.76934631143144e-05
-2.23474941836002e-05
-1.10735031113456e-17
3.64138315256049e-05
8.34043920584909e-05
0.000137123004812848
0.000193563752062361
0.000248762349462255
0.000298983221883853
0.000340886890339745
0.000371671045530775
0.00038918018886728
0.000391980387170308
0.000379397429696103
0.000351518413013975
0.000309158432048036
0.000253795553196423
0.000187478527194461
0.000112712717294828
3.23304387255196e-05
-5.06476902660371e-05
-0.000133153700332765
-0.000212209062978324
-0.000285051364678877
-0.000349245656135992
-0.000402776219881964
-0.000444115595966709
-0.000472268890891799
-0.000486792610734813
-0.000487788448411345
-0.000475873564206918
-0.000452129881311133
-0.000418035735515173
-0.000375383841425937
-0.000326189947865492
-0.000272596744681503
-0.000216777554701005
-0.000160844110659947
-0.000106762299129665
-5.62791806294257e-05
-1.08639018468561e-05
2.83356594614581e-05
6.05194935748276e-05
8.52450977804161e-05
0.000102420734185242
0.0001122835981087
0.000115364802041842
0.000112443570911456
0.000104493396627051
9.26231049438391e-05
7.801584422356e-05
6.1868919435891e-05
4.53371778074428e-05
2.94823224682549e-05
1.52301091797099e-05
3.33689374778359e-06
-5.63352924979991e-06
-1.13223951805854e-05
-1.35778699305534e-05
-1.24469946521745e-05
-8.15871631153527e-06
-1.09939947906878e-06
8.21751917109467e-06
1.91859013951718e-05
3.11433975641666e-05
4.34081732906207e-05
5.53140999603346e-05
6.62428251423183e-05
7.56513914221812e-05
8.30943727801328e-05
8.82398287829852e-05
9.0878720701733e-05
9.09277727643795e-05
8.84260799426448e-05
8.35260467627234e-05
7.64794780043037e-05
6.76198231665814e-05
5.73416968311556e-05
4.60788544474307e-05
3.428179873953e-05
2.23961299984122e-05
1.08426406983696e-05
-2.87448495832531e-18
-9.80931283184295e-06
-1.83293739173483e-05
-2.53772424804627e-05
-3.08454268833486e-05
-3.47005645397419e-05
-3.69786682289063e-05
-3.7777438250241e-05
-3.72462512069592e-05
-3.55745086126183e-05
-3.29790608092601e-05
-2.96914148380259e-05
-2.59453918451577e-05
-2.19658249674176e-05
-1.79587884138476e-05
-1.41037296078466e-05
-1.05477462913893e-05
-7.40211706537967e-06
-4.74106430884627e-06
-2.60260949202312e-06
-9.91278307823495e-07
1.17668700058404e-07
7.72862127650277e-07
1.04072065871165e-06
9.99039842266895e-07
7.30675718759004e-07
3.17686656405824e-07
-1.63761050754383e-07
-6.47489768806775e-07
-1.08025543263527e-06
-1.42347059246234e-06
-1.6537174412753e-06
-1.76213827992201e-06
-1.75285592878877e-06
-1.64062776483719e-06
-1.4479720093286e-06
-1.20202234696304e-06
-9.31366755358448e-07
-6.63109466930333e-07
-4.20363150269845e-07
-2.20334391541003e-07
-7.31127260758061e-08
1.87844134947799e-08
6.01174481137462e-08
6.19438982278588e-08
4.00636889507409e-08
1.30433216942991e-08
-2.04015428929182e-20
0